{"cells":[{"cell_type":"markdown","metadata":{"id":"rEEs5ey3vw4_"},"source":["Portfolio Optimisation Notebook\n","-\n","### Authors: Amelia Yamato Leow Mei Li (A0208055L), Kevin Tan YueJun (A0218074H)\n","\n","\n","##### This jupyternotebook provides viewers with the code that was used to generate and optimise our portfolio of SGX securities. The objective of this program is to perform portfolio optimization techniques and constructed a diversified portfolio that maximizes Sharpe Ratio. It can be divided into the following sections:\n","\n","- Section 1: Import Libraries and Dependencies\n","- Section 2: Yfinance Data (API)\n","\n","    > Section 2.1: Parameter Initialisation\n","    \n","    > Section 2.2: Historical Data Collection\n","\n","- Section 3: PyPortfolioOpt\n","\n","    > Section 3.1 Mean-Variance Optimisation\n","    \n","    > Section 3.2 Portfolio Performance using MVO\n","\n","- Section 4: Backtesting\n","\n","    > Section 4.1: Approach A (Log Return Calculation)\n","\n","    > Section 4.1: Approach B (Discrete Allocation and Portfolio Valuation)\n","\n","- Section 5: Sector Constraints\n","\n","    > Section 5.1: (Experiment 1) Fully Diversified Portfolio\n","\n","    > Section 5.2: (Experiment 2) Growth-Oriented Portfolio\n","\n","    > Section 5.3: (Experiment 3) Defensive Portfolio\n","\n","- Section 6: Portfolio Performance Evaluation\n","\n","    > Section 6.1: Benchmark Metrics\n","\n","    > Section 6.2: Performance Plot (Portfolios vs Benchmark)"]},{"cell_type":"markdown","metadata":{"id":"cYcZfNPLvw5D"},"source":["### Section 1: Import Libraries and Dependencies"]},{"cell_type":"code","source":["!pip install PyPortfolioOpt"],"metadata":{"colab":{"base_uri":"https://localhost:8080/"},"id":"L-XcFuWPYjt2","executionInfo":{"status":"ok","timestamp":1700648033148,"user_tz":-480,"elapsed":6894,"user":{"displayName":"Amelia Yamato","userId":"01696243863415417806"}},"outputId":"7d78d162-726b-40c0-a43f-9e5c6413fa63"},"execution_count":1,"outputs":[{"output_type":"stream","name":"stdout","text":["Collecting PyPortfolioOpt\n","  Downloading pyportfolioopt-1.5.5-py3-none-any.whl (61 kB)\n","\u001b[?25l     \u001b[90m━━━━━━━━━━━━━━━━━━━━━━━━━━━━━━━━━━━━━━━━\u001b[0m \u001b[32m0.0/61.9 kB\u001b[0m \u001b[31m?\u001b[0m eta \u001b[36m-:--:--\u001b[0m\r\u001b[2K     \u001b[91m━━━━━━━━━━━━━━━━━━━━━━━━━━━━━━━━━━━━━━━\u001b[0m\u001b[91m╸\u001b[0m \u001b[32m61.4/61.9 kB\u001b[0m \u001b[31m1.8 MB/s\u001b[0m eta \u001b[36m0:00:01\u001b[0m\r\u001b[2K     \u001b[90m━━━━━━━━━━━━━━━━━━━━━━━━━━━━━━━━━━━━━━━━\u001b[0m \u001b[32m61.9/61.9 kB\u001b[0m \u001b[31m1.4 MB/s\u001b[0m eta \u001b[36m0:00:00\u001b[0m\n","\u001b[?25hRequirement already satisfied: cvxpy<2.0.0,>=1.1.19 in /usr/local/lib/python3.10/dist-packages (from PyPortfolioOpt) (1.3.2)\n","Requirement already satisfied: numpy<2.0.0,>=1.22.4 in /usr/local/lib/python3.10/dist-packages (from PyPortfolioOpt) (1.23.5)\n","Requirement already satisfied: pandas>=0.19 in /usr/local/lib/python3.10/dist-packages (from PyPortfolioOpt) (1.5.3)\n","Requirement already satisfied: scipy<2.0,>=1.3 in /usr/local/lib/python3.10/dist-packages (from PyPortfolioOpt) (1.11.3)\n","Requirement already satisfied: osqp>=0.4.1 in /usr/local/lib/python3.10/dist-packages (from cvxpy<2.0.0,>=1.1.19->PyPortfolioOpt) (0.6.2.post8)\n","Requirement already satisfied: ecos>=2 in /usr/local/lib/python3.10/dist-packages (from cvxpy<2.0.0,>=1.1.19->PyPortfolioOpt) (2.0.12)\n","Requirement already satisfied: scs>=1.1.6 in /usr/local/lib/python3.10/dist-packages (from cvxpy<2.0.0,>=1.1.19->PyPortfolioOpt) (3.2.4)\n","Requirement already satisfied: setuptools>65.5.1 in /usr/local/lib/python3.10/dist-packages (from cvxpy<2.0.0,>=1.1.19->PyPortfolioOpt) (67.7.2)\n","Requirement already satisfied: python-dateutil>=2.8.1 in /usr/local/lib/python3.10/dist-packages (from pandas>=0.19->PyPortfolioOpt) (2.8.2)\n","Requirement already satisfied: pytz>=2020.1 in /usr/local/lib/python3.10/dist-packages (from pandas>=0.19->PyPortfolioOpt) (2023.3.post1)\n","Requirement already satisfied: qdldl in /usr/local/lib/python3.10/dist-packages (from osqp>=0.4.1->cvxpy<2.0.0,>=1.1.19->PyPortfolioOpt) (0.1.7.post0)\n","Requirement already satisfied: six>=1.5 in /usr/local/lib/python3.10/dist-packages (from python-dateutil>=2.8.1->pandas>=0.19->PyPortfolioOpt) (1.16.0)\n","Installing collected packages: PyPortfolioOpt\n","Successfully installed PyPortfolioOpt-1.5.5\n"]}]},{"cell_type":"code","execution_count":2,"metadata":{"id":"VkYsgQ5dsuzn","executionInfo":{"status":"ok","timestamp":1700648034667,"user_tz":-480,"elapsed":1522,"user":{"displayName":"Amelia Yamato","userId":"01696243863415417806"}}},"outputs":[],"source":["# Import relevant libraries\n","import pandas as pd\n","import numpy as np\n","import yfinance as yf\n","import math\n","import matplotlib.pyplot as plt\n","import seaborn as sns\n","\n","from scipy.stats import linregress\n","from pypfopt.expected_returns import mean_historical_return\n","from pypfopt.risk_models import CovarianceShrinkage\n","from pypfopt.efficient_frontier import EfficientFrontier\n","from pypfopt.discrete_allocation import DiscreteAllocation, get_latest_prices"]},{"cell_type":"markdown","metadata":{"id":"oRjR8JMovw5G"},"source":["### Section 2: Yfinance Data (API)"]},{"cell_type":"markdown","metadata":{"id":"HGtuuwr6suzr"},"source":["#### Section 2.1: Parameter Initialisation"]},{"cell_type":"code","execution_count":3,"metadata":{"id":"WGicKOw-suzs","executionInfo":{"status":"ok","timestamp":1700648034668,"user_tz":-480,"elapsed":7,"user":{"displayName":"Amelia Yamato","userId":"01696243863415417806"}}},"outputs":[],"source":["stocks = [\n","    'D05.SI',   # DBS Group Holdings Ltd.\n","    'O39.SI',   # Oversea-Chinese Banking Corp Limited\n","    'U11.SI',   # United Overseas Bank Limited\n","    'C38U.SI',  # CapitaLand Integrated Commercial Trust\n","    'C6L.SI',   # Singapore Airlines Limited\n","    'S63.SI',   # ST Engineering\n","    'F34.SI',   # Wilmar International Limited\n","    'A17U.SI',  # Ascendas Real Estate Investment Trust\n","    'Z74.SI',   # Singapore Telecommunications Limited\n","    'BN4.SI',   # Keppel Corporation Limited\n","    'G13.SI',   # Genting Singapore PLC\n","    'C52.SI',   # ComfortDelgro Corporation Limited\n","    'BS6.SI',   # Yangzijiang Shipbuilding (Holdings) Ltd\n","    'S68.SI',   # Singapore Exchange Limited\n","    'Y92.SI',   # Thai Beverage Public Co Ltd\n","    'C09.SI'    # City Developments Limited\n","]\n","\n","portfolio_value = 1000000\n","train_start = '2015-01-01' # Train\n","train_end = '2022-12-31' # Train\n","backtesting_start = '2023-01-01' # Test\n","backtesting_end = '2023-11-01' # Test\n","\n","benchmark = 'ES3.SI' # Benchmark for portfolio evaluation"]},{"cell_type":"markdown","metadata":{"id":"0B563k6isuzt"},"source":["#### Section 2.2: Historical Data Collection"]},{"cell_type":"code","execution_count":4,"metadata":{"id":"GtNCPk11suzt","executionInfo":{"status":"ok","timestamp":1700648034669,"user_tz":-480,"elapsed":7,"user":{"displayName":"Amelia Yamato","userId":"01696243863415417806"}}},"outputs":[],"source":["def closing_price_dataframe(stocks, start, end):\n","    stock_df = pd.DataFrame()\n","    for stock in stocks:\n","        try:\n","            # Close column in yf.Ticker function corresponds to adjusted closing price in yf.download function\n","            stock_df[f'{stock}'] = yf.Ticker(stock).history(start=start, end=end).Close\n","        except:\n","            print(f'{stock} was not found')\n","\n","    # Handle the datetime index\n","    stock_df.index = stock_df.index.strftime('%Y-%m-%d')\n","    return stock_df"]},{"cell_type":"code","execution_count":5,"metadata":{"colab":{"base_uri":"https://localhost:8080/","height":344},"id":"UXCt9io6suzu","outputId":"941a3248-2acb-4e48-ba2a-a446ba5fdc57","executionInfo":{"status":"ok","timestamp":1700648042061,"user_tz":-480,"elapsed":7398,"user":{"displayName":"Amelia Yamato","userId":"01696243863415417806"}}},"outputs":[{"output_type":"execute_result","data":{"text/plain":["               D05.SI    O39.SI     U11.SI   C38U.SI     C6L.SI    S63.SI  \\\n","Date                                                                        \n","2015-01-02  13.822886  7.215528  17.721079  1.303257   9.779653  2.285370   \n","2015-01-05  13.512714  7.112448  17.323425  1.309645   9.813520  2.271966   \n","2015-01-06  13.371114  6.981882  16.860695  1.290480   9.889728  2.225051   \n","2015-01-07  13.350886  6.995626  16.947456  1.328811  10.126810  2.245158   \n","2015-01-08  13.539686  7.215528  17.366802  1.296868  10.177615  2.251859   \n","\n","              F34.SI   A17U.SI    Z74.SI    BN4.SI    G13.SI    C52.SI  \\\n","Date                                                                     \n","2015-01-02  2.431842  1.437639  2.709047  6.068273  0.841017  1.851055   \n","2015-01-05  2.402094  1.443628  2.702082  5.951838  0.829227  1.836924   \n","2015-01-06  2.372347  1.419668  2.674226  5.698422  0.809577  1.843990   \n","2015-01-07  2.357473  1.437639  2.688154  5.718971  0.801717  1.822794   \n","2015-01-08  2.409531  1.437639  2.743867  5.801159  0.809577  1.815729   \n","\n","              BS6.SI    S68.SI    Y92.SI    C09.SI  \n","Date                                                \n","2015-01-02  0.838603  5.508422  0.002571  9.268414  \n","2015-01-05  0.866326  5.479956  0.002516  9.079447  \n","2015-01-06  0.859395  5.423021  0.002516  9.070446  \n","2015-01-07  0.887117  5.487073  0.002607  9.016459  \n","2015-01-08  0.880187  5.565359  0.002607  9.286409  "],"text/html":["\n","  <div id=\"df-e3bc99e6-5823-438f-bad9-e5fd3de0b451\" class=\"colab-df-container\">\n","    <div>\n","<style scoped>\n","    .dataframe tbody tr th:only-of-type {\n","        vertical-align: middle;\n","    }\n","\n","    .dataframe tbody tr th {\n","        vertical-align: top;\n","    }\n","\n","    .dataframe thead th {\n","        text-align: right;\n","    }\n","</style>\n","<table border=\"1\" class=\"dataframe\">\n","  <thead>\n","    <tr style=\"text-align: right;\">\n","      <th></th>\n","      <th>D05.SI</th>\n","      <th>O39.SI</th>\n","      <th>U11.SI</th>\n","      <th>C38U.SI</th>\n","      <th>C6L.SI</th>\n","      <th>S63.SI</th>\n","      <th>F34.SI</th>\n","      <th>A17U.SI</th>\n","      <th>Z74.SI</th>\n","      <th>BN4.SI</th>\n","      <th>G13.SI</th>\n","      <th>C52.SI</th>\n","      <th>BS6.SI</th>\n","      <th>S68.SI</th>\n","      <th>Y92.SI</th>\n","      <th>C09.SI</th>\n","    </tr>\n","    <tr>\n","      <th>Date</th>\n","      <th></th>\n","      <th></th>\n","      <th></th>\n","      <th></th>\n","      <th></th>\n","      <th></th>\n","      <th></th>\n","      <th></th>\n","      <th></th>\n","      <th></th>\n","      <th></th>\n","      <th></th>\n","      <th></th>\n","      <th></th>\n","      <th></th>\n","      <th></th>\n","    </tr>\n","  </thead>\n","  <tbody>\n","    <tr>\n","      <th>2015-01-02</th>\n","      <td>13.822886</td>\n","      <td>7.215528</td>\n","      <td>17.721079</td>\n","      <td>1.303257</td>\n","      <td>9.779653</td>\n","      <td>2.285370</td>\n","      <td>2.431842</td>\n","      <td>1.437639</td>\n","      <td>2.709047</td>\n","      <td>6.068273</td>\n","      <td>0.841017</td>\n","      <td>1.851055</td>\n","      <td>0.838603</td>\n","      <td>5.508422</td>\n","      <td>0.002571</td>\n","      <td>9.268414</td>\n","    </tr>\n","    <tr>\n","      <th>2015-01-05</th>\n","      <td>13.512714</td>\n","      <td>7.112448</td>\n","      <td>17.323425</td>\n","      <td>1.309645</td>\n","      <td>9.813520</td>\n","      <td>2.271966</td>\n","      <td>2.402094</td>\n","      <td>1.443628</td>\n","      <td>2.702082</td>\n","      <td>5.951838</td>\n","      <td>0.829227</td>\n","      <td>1.836924</td>\n","      <td>0.866326</td>\n","      <td>5.479956</td>\n","      <td>0.002516</td>\n","      <td>9.079447</td>\n","    </tr>\n","    <tr>\n","      <th>2015-01-06</th>\n","      <td>13.371114</td>\n","      <td>6.981882</td>\n","      <td>16.860695</td>\n","      <td>1.290480</td>\n","      <td>9.889728</td>\n","      <td>2.225051</td>\n","      <td>2.372347</td>\n","      <td>1.419668</td>\n","      <td>2.674226</td>\n","      <td>5.698422</td>\n","      <td>0.809577</td>\n","      <td>1.843990</td>\n","      <td>0.859395</td>\n","      <td>5.423021</td>\n","      <td>0.002516</td>\n","      <td>9.070446</td>\n","    </tr>\n","    <tr>\n","      <th>2015-01-07</th>\n","      <td>13.350886</td>\n","      <td>6.995626</td>\n","      <td>16.947456</td>\n","      <td>1.328811</td>\n","      <td>10.126810</td>\n","      <td>2.245158</td>\n","      <td>2.357473</td>\n","      <td>1.437639</td>\n","      <td>2.688154</td>\n","      <td>5.718971</td>\n","      <td>0.801717</td>\n","      <td>1.822794</td>\n","      <td>0.887117</td>\n","      <td>5.487073</td>\n","      <td>0.002607</td>\n","      <td>9.016459</td>\n","    </tr>\n","    <tr>\n","      <th>2015-01-08</th>\n","      <td>13.539686</td>\n","      <td>7.215528</td>\n","      <td>17.366802</td>\n","      <td>1.296868</td>\n","      <td>10.177615</td>\n","      <td>2.251859</td>\n","      <td>2.409531</td>\n","      <td>1.437639</td>\n","      <td>2.743867</td>\n","      <td>5.801159</td>\n","      <td>0.809577</td>\n","      <td>1.815729</td>\n","      <td>0.880187</td>\n","      <td>5.565359</td>\n","      <td>0.002607</td>\n","      <td>9.286409</td>\n","    </tr>\n","  </tbody>\n","</table>\n","</div>\n","    <div class=\"colab-df-buttons\">\n","\n","  <div class=\"colab-df-container\">\n","    <button class=\"colab-df-convert\" onclick=\"convertToInteractive('df-e3bc99e6-5823-438f-bad9-e5fd3de0b451')\"\n","            title=\"Convert this dataframe to an interactive table.\"\n","            style=\"display:none;\">\n","\n","  <svg xmlns=\"http://www.w3.org/2000/svg\" height=\"24px\" viewBox=\"0 -960 960 960\">\n","    <path d=\"M120-120v-720h720v720H120Zm60-500h600v-160H180v160Zm220 220h160v-160H400v160Zm0 220h160v-160H400v160ZM180-400h160v-160H180v160Zm440 0h160v-160H620v160ZM180-180h160v-160H180v160Zm440 0h160v-160H620v160Z\"/>\n","  </svg>\n","    </button>\n","\n","  <style>\n","    .colab-df-container {\n","      display:flex;\n","      gap: 12px;\n","    }\n","\n","    .colab-df-convert {\n","      background-color: #E8F0FE;\n","      border: none;\n","      border-radius: 50%;\n","      cursor: pointer;\n","      display: none;\n","      fill: #1967D2;\n","      height: 32px;\n","      padding: 0 0 0 0;\n","      width: 32px;\n","    }\n","\n","    .colab-df-convert:hover {\n","      background-color: #E2EBFA;\n","      box-shadow: 0px 1px 2px rgba(60, 64, 67, 0.3), 0px 1px 3px 1px rgba(60, 64, 67, 0.15);\n","      fill: #174EA6;\n","    }\n","\n","    .colab-df-buttons div {\n","      margin-bottom: 4px;\n","    }\n","\n","    [theme=dark] .colab-df-convert {\n","      background-color: #3B4455;\n","      fill: #D2E3FC;\n","    }\n","\n","    [theme=dark] .colab-df-convert:hover {\n","      background-color: #434B5C;\n","      box-shadow: 0px 1px 3px 1px rgba(0, 0, 0, 0.15);\n","      filter: drop-shadow(0px 1px 2px rgba(0, 0, 0, 0.3));\n","      fill: #FFFFFF;\n","    }\n","  </style>\n","\n","    <script>\n","      const buttonEl =\n","        document.querySelector('#df-e3bc99e6-5823-438f-bad9-e5fd3de0b451 button.colab-df-convert');\n","      buttonEl.style.display =\n","        google.colab.kernel.accessAllowed ? 'block' : 'none';\n","\n","      async function convertToInteractive(key) {\n","        const element = document.querySelector('#df-e3bc99e6-5823-438f-bad9-e5fd3de0b451');\n","        const dataTable =\n","          await google.colab.kernel.invokeFunction('convertToInteractive',\n","                                                    [key], {});\n","        if (!dataTable) return;\n","\n","        const docLinkHtml = 'Like what you see? Visit the ' +\n","          '<a target=\"_blank\" href=https://colab.research.google.com/notebooks/data_table.ipynb>data table notebook</a>'\n","          + ' to learn more about interactive tables.';\n","        element.innerHTML = '';\n","        dataTable['output_type'] = 'display_data';\n","        await google.colab.output.renderOutput(dataTable, element);\n","        const docLink = document.createElement('div');\n","        docLink.innerHTML = docLinkHtml;\n","        element.appendChild(docLink);\n","      }\n","    </script>\n","  </div>\n","\n","\n","<div id=\"df-e1af06a3-966c-4f4f-b38c-32440779ef6c\">\n","  <button class=\"colab-df-quickchart\" onclick=\"quickchart('df-e1af06a3-966c-4f4f-b38c-32440779ef6c')\"\n","            title=\"Suggest charts\"\n","            style=\"display:none;\">\n","\n","<svg xmlns=\"http://www.w3.org/2000/svg\" height=\"24px\"viewBox=\"0 0 24 24\"\n","     width=\"24px\">\n","    <g>\n","        <path d=\"M19 3H5c-1.1 0-2 .9-2 2v14c0 1.1.9 2 2 2h14c1.1 0 2-.9 2-2V5c0-1.1-.9-2-2-2zM9 17H7v-7h2v7zm4 0h-2V7h2v10zm4 0h-2v-4h2v4z\"/>\n","    </g>\n","</svg>\n","  </button>\n","\n","<style>\n","  .colab-df-quickchart {\n","      --bg-color: #E8F0FE;\n","      --fill-color: #1967D2;\n","      --hover-bg-color: #E2EBFA;\n","      --hover-fill-color: #174EA6;\n","      --disabled-fill-color: #AAA;\n","      --disabled-bg-color: #DDD;\n","  }\n","\n","  [theme=dark] .colab-df-quickchart {\n","      --bg-color: #3B4455;\n","      --fill-color: #D2E3FC;\n","      --hover-bg-color: #434B5C;\n","      --hover-fill-color: #FFFFFF;\n","      --disabled-bg-color: #3B4455;\n","      --disabled-fill-color: #666;\n","  }\n","\n","  .colab-df-quickchart {\n","    background-color: var(--bg-color);\n","    border: none;\n","    border-radius: 50%;\n","    cursor: pointer;\n","    display: none;\n","    fill: var(--fill-color);\n","    height: 32px;\n","    padding: 0;\n","    width: 32px;\n","  }\n","\n","  .colab-df-quickchart:hover {\n","    background-color: var(--hover-bg-color);\n","    box-shadow: 0 1px 2px rgba(60, 64, 67, 0.3), 0 1px 3px 1px rgba(60, 64, 67, 0.15);\n","    fill: var(--button-hover-fill-color);\n","  }\n","\n","  .colab-df-quickchart-complete:disabled,\n","  .colab-df-quickchart-complete:disabled:hover {\n","    background-color: var(--disabled-bg-color);\n","    fill: var(--disabled-fill-color);\n","    box-shadow: none;\n","  }\n","\n","  .colab-df-spinner {\n","    border: 2px solid var(--fill-color);\n","    border-color: transparent;\n","    border-bottom-color: var(--fill-color);\n","    animation:\n","      spin 1s steps(1) infinite;\n","  }\n","\n","  @keyframes spin {\n","    0% {\n","      border-color: transparent;\n","      border-bottom-color: var(--fill-color);\n","      border-left-color: var(--fill-color);\n","    }\n","    20% {\n","      border-color: transparent;\n","      border-left-color: var(--fill-color);\n","      border-top-color: var(--fill-color);\n","    }\n","    30% {\n","      border-color: transparent;\n","      border-left-color: var(--fill-color);\n","      border-top-color: var(--fill-color);\n","      border-right-color: var(--fill-color);\n","    }\n","    40% {\n","      border-color: transparent;\n","      border-right-color: var(--fill-color);\n","      border-top-color: var(--fill-color);\n","    }\n","    60% {\n","      border-color: transparent;\n","      border-right-color: var(--fill-color);\n","    }\n","    80% {\n","      border-color: transparent;\n","      border-right-color: var(--fill-color);\n","      border-bottom-color: var(--fill-color);\n","    }\n","    90% {\n","      border-color: transparent;\n","      border-bottom-color: var(--fill-color);\n","    }\n","  }\n","</style>\n","\n","  <script>\n","    async function quickchart(key) {\n","      const quickchartButtonEl =\n","        document.querySelector('#' + key + ' button');\n","      quickchartButtonEl.disabled = true;  // To prevent multiple clicks.\n","      quickchartButtonEl.classList.add('colab-df-spinner');\n","      try {\n","        const charts = await google.colab.kernel.invokeFunction(\n","            'suggestCharts', [key], {});\n","      } catch (error) {\n","        console.error('Error during call to suggestCharts:', error);\n","      }\n","      quickchartButtonEl.classList.remove('colab-df-spinner');\n","      quickchartButtonEl.classList.add('colab-df-quickchart-complete');\n","    }\n","    (() => {\n","      let quickchartButtonEl =\n","        document.querySelector('#df-e1af06a3-966c-4f4f-b38c-32440779ef6c button');\n","      quickchartButtonEl.style.display =\n","        google.colab.kernel.accessAllowed ? 'block' : 'none';\n","    })();\n","  </script>\n","</div>\n","    </div>\n","  </div>\n"]},"metadata":{},"execution_count":5}],"source":["stocks_data = closing_price_dataframe(stocks, train_start, train_end)\n","stocks_data.head()"]},{"cell_type":"markdown","metadata":{"id":"bPROqd_bsuzv"},"source":["### Section 3: PyPortfolioOpt"]},{"cell_type":"markdown","metadata":{"id":"PN6NPT_Uvw5J"},"source":["**Deriving the mean**"]},{"cell_type":"code","execution_count":6,"metadata":{"colab":{"base_uri":"https://localhost:8080/"},"id":"FoJwk5t5suzw","outputId":"9bdf2683-cecb-44cf-f8e8-4a049e83f08e","executionInfo":{"status":"ok","timestamp":1700648042061,"user_tz":-480,"elapsed":10,"user":{"displayName":"Amelia Yamato","userId":"01696243863415417806"}}},"outputs":[{"output_type":"stream","name":"stdout","text":["Mean of given stocks:\n"]},{"output_type":"execute_result","data":{"text/plain":["D05.SI     0.111208\n","O39.SI     0.059447\n","U11.SI     0.063990\n","C38U.SI    0.050844\n","C6L.SI    -0.073430\n","S63.SI     0.043575\n","F34.SI     0.064103\n","A17U.SI    0.076724\n","Z74.SI    -0.010518\n","BN4.SI     0.016403\n","G13.SI     0.011654\n","C52.SI    -0.055082\n","BS6.SI     0.057054\n","S68.SI     0.056944\n","Y92.SI     1.005951\n","C09.SI    -0.016936\n","dtype: float64"]},"metadata":{},"execution_count":6}],"source":["mean = mean_historical_return(stocks_data)\n","print(\"Mean of given stocks:\")\n","mean"]},{"cell_type":"markdown","metadata":{"id":"KvNbTBNwvw5K"},"source":["**Deriving the covariance**"]},{"cell_type":"code","execution_count":7,"metadata":{"colab":{"base_uri":"https://localhost:8080/","height":589},"id":"NVV6mTt8vw5K","executionInfo":{"status":"ok","timestamp":1700648042661,"user_tz":-480,"elapsed":608,"user":{"displayName":"Amelia Yamato","userId":"01696243863415417806"}},"outputId":"d176ad9c-e257-455a-cf4e-fa97d9e49b6b"},"outputs":[{"output_type":"stream","name":"stdout","text":["Covariance of given stocks:\n"]},{"output_type":"execute_result","data":{"text/plain":["           D05.SI    O39.SI    U11.SI   C38U.SI    C6L.SI    S63.SI    F34.SI  \\\n","D05.SI   0.055023  0.021330  0.022251  0.011647  0.015689  0.014248  0.013687   \n","O39.SI   0.021330  0.048855  0.020377  0.011840  0.014815  0.014065  0.014431   \n","U11.SI   0.022251  0.020377  0.051160  0.011123  0.015579  0.014396  0.013493   \n","C38U.SI  0.011647  0.011840  0.011123  0.061333  0.013900  0.013647  0.011895   \n","C6L.SI   0.015689  0.014815  0.015579  0.013900  0.073696  0.014671  0.011935   \n","S63.SI   0.014248  0.014065  0.014396  0.013647  0.014671  0.056853  0.014450   \n","F34.SI   0.013687  0.014431  0.013493  0.011895  0.011935  0.014450  0.066567   \n","A17U.SI  0.010702  0.010913  0.010518  0.020678  0.011151  0.012250  0.011692   \n","Z74.SI   0.013451  0.012652  0.012718  0.011309  0.012787  0.012184  0.011637   \n","BN4.SI   0.018216  0.018222  0.018178  0.011311  0.013162  0.014926  0.017294   \n","G13.SI   0.019292  0.018187  0.017848  0.014519  0.017938  0.016524  0.016291   \n","C52.SI   0.015432  0.014399  0.015266  0.013329  0.016279  0.015576  0.013528   \n","BS6.SI   0.014973  0.013095  0.014964  0.008269  0.013556  0.012065  0.014758   \n","S68.SI   0.011304  0.011563  0.011535  0.007922  0.009941  0.011679  0.011017   \n","Y92.SI   0.016931  0.009270  0.011100  0.016389  0.012892  0.019441  0.008439   \n","C09.SI   0.019441  0.019208  0.019316  0.018240  0.019122  0.017949  0.017022   \n","\n","          A17U.SI    Z74.SI    BN4.SI    G13.SI    C52.SI    BS6.SI    S68.SI  \\\n","D05.SI   0.010702  0.013451  0.018216  0.019292  0.015432  0.014973  0.011304   \n","O39.SI   0.010913  0.012652  0.018222  0.018187  0.014399  0.013095  0.011563   \n","U11.SI   0.010518  0.012718  0.018178  0.017848  0.015266  0.014964  0.011535   \n","C38U.SI  0.020678  0.011309  0.011311  0.014519  0.013329  0.008269  0.007922   \n","C6L.SI   0.011151  0.012787  0.013162  0.017938  0.016279  0.013556  0.009941   \n","S63.SI   0.012250  0.012184  0.014926  0.016524  0.015576  0.012065  0.011679   \n","F34.SI   0.011692  0.011637  0.017294  0.016291  0.013528  0.014758  0.011017   \n","A17U.SI  0.055577  0.011089  0.010945  0.013029  0.011813  0.009355  0.009709   \n","Z74.SI   0.011089  0.051120  0.013626  0.013826  0.012351  0.009373  0.010324   \n","BN4.SI   0.010945  0.013626  0.068830  0.019579  0.014852  0.019730  0.012788   \n","G13.SI   0.013029  0.013826  0.019579  0.085919  0.017283  0.019887  0.012755   \n","C52.SI   0.011813  0.012351  0.014852  0.017283  0.070846  0.015594  0.009285   \n","BS6.SI   0.009355  0.009373  0.019730  0.019887  0.015594  0.134126  0.010433   \n","S68.SI   0.009709  0.010324  0.012788  0.012755  0.009285  0.010433  0.052351   \n","Y92.SI   0.013070  0.010774  0.017730  0.018810  0.014019  0.003633  0.007923   \n","C09.SI   0.016500  0.014310  0.021326  0.023415  0.019399  0.018039  0.012588   \n","\n","           Y92.SI    C09.SI  \n","D05.SI   0.016931  0.019441  \n","O39.SI   0.009270  0.019208  \n","U11.SI   0.011100  0.019316  \n","C38U.SI  0.016389  0.018240  \n","C6L.SI   0.012892  0.019122  \n","S63.SI   0.019441  0.017949  \n","F34.SI   0.008439  0.017022  \n","A17U.SI  0.013070  0.016500  \n","Z74.SI   0.010774  0.014310  \n","BN4.SI   0.017730  0.021326  \n","G13.SI   0.018810  0.023415  \n","C52.SI   0.014019  0.019399  \n","BS6.SI   0.003633  0.018039  \n","S68.SI   0.007923  0.012588  \n","Y92.SI   0.894510  0.014255  \n","C09.SI   0.014255  0.073898  "],"text/html":["\n","  <div id=\"df-f14d05e6-5eee-4c1d-bf66-3cea22e6e6a7\" class=\"colab-df-container\">\n","    <div>\n","<style scoped>\n","    .dataframe tbody tr th:only-of-type {\n","        vertical-align: middle;\n","    }\n","\n","    .dataframe tbody tr th {\n","        vertical-align: top;\n","    }\n","\n","    .dataframe thead th {\n","        text-align: right;\n","    }\n","</style>\n","<table border=\"1\" class=\"dataframe\">\n","  <thead>\n","    <tr style=\"text-align: right;\">\n","      <th></th>\n","      <th>D05.SI</th>\n","      <th>O39.SI</th>\n","      <th>U11.SI</th>\n","      <th>C38U.SI</th>\n","      <th>C6L.SI</th>\n","      <th>S63.SI</th>\n","      <th>F34.SI</th>\n","      <th>A17U.SI</th>\n","      <th>Z74.SI</th>\n","      <th>BN4.SI</th>\n","      <th>G13.SI</th>\n","      <th>C52.SI</th>\n","      <th>BS6.SI</th>\n","      <th>S68.SI</th>\n","      <th>Y92.SI</th>\n","      <th>C09.SI</th>\n","    </tr>\n","  </thead>\n","  <tbody>\n","    <tr>\n","      <th>D05.SI</th>\n","      <td>0.055023</td>\n","      <td>0.021330</td>\n","      <td>0.022251</td>\n","      <td>0.011647</td>\n","      <td>0.015689</td>\n","      <td>0.014248</td>\n","      <td>0.013687</td>\n","      <td>0.010702</td>\n","      <td>0.013451</td>\n","      <td>0.018216</td>\n","      <td>0.019292</td>\n","      <td>0.015432</td>\n","      <td>0.014973</td>\n","      <td>0.011304</td>\n","      <td>0.016931</td>\n","      <td>0.019441</td>\n","    </tr>\n","    <tr>\n","      <th>O39.SI</th>\n","      <td>0.021330</td>\n","      <td>0.048855</td>\n","      <td>0.020377</td>\n","      <td>0.011840</td>\n","      <td>0.014815</td>\n","      <td>0.014065</td>\n","      <td>0.014431</td>\n","      <td>0.010913</td>\n","      <td>0.012652</td>\n","      <td>0.018222</td>\n","      <td>0.018187</td>\n","      <td>0.014399</td>\n","      <td>0.013095</td>\n","      <td>0.011563</td>\n","      <td>0.009270</td>\n","      <td>0.019208</td>\n","    </tr>\n","    <tr>\n","      <th>U11.SI</th>\n","      <td>0.022251</td>\n","      <td>0.020377</td>\n","      <td>0.051160</td>\n","      <td>0.011123</td>\n","      <td>0.015579</td>\n","      <td>0.014396</td>\n","      <td>0.013493</td>\n","      <td>0.010518</td>\n","      <td>0.012718</td>\n","      <td>0.018178</td>\n","      <td>0.017848</td>\n","      <td>0.015266</td>\n","      <td>0.014964</td>\n","      <td>0.011535</td>\n","      <td>0.011100</td>\n","      <td>0.019316</td>\n","    </tr>\n","    <tr>\n","      <th>C38U.SI</th>\n","      <td>0.011647</td>\n","      <td>0.011840</td>\n","      <td>0.011123</td>\n","      <td>0.061333</td>\n","      <td>0.013900</td>\n","      <td>0.013647</td>\n","      <td>0.011895</td>\n","      <td>0.020678</td>\n","      <td>0.011309</td>\n","      <td>0.011311</td>\n","      <td>0.014519</td>\n","      <td>0.013329</td>\n","      <td>0.008269</td>\n","      <td>0.007922</td>\n","      <td>0.016389</td>\n","      <td>0.018240</td>\n","    </tr>\n","    <tr>\n","      <th>C6L.SI</th>\n","      <td>0.015689</td>\n","      <td>0.014815</td>\n","      <td>0.015579</td>\n","      <td>0.013900</td>\n","      <td>0.073696</td>\n","      <td>0.014671</td>\n","      <td>0.011935</td>\n","      <td>0.011151</td>\n","      <td>0.012787</td>\n","      <td>0.013162</td>\n","      <td>0.017938</td>\n","      <td>0.016279</td>\n","      <td>0.013556</td>\n","      <td>0.009941</td>\n","      <td>0.012892</td>\n","      <td>0.019122</td>\n","    </tr>\n","    <tr>\n","      <th>S63.SI</th>\n","      <td>0.014248</td>\n","      <td>0.014065</td>\n","      <td>0.014396</td>\n","      <td>0.013647</td>\n","      <td>0.014671</td>\n","      <td>0.056853</td>\n","      <td>0.014450</td>\n","      <td>0.012250</td>\n","      <td>0.012184</td>\n","      <td>0.014926</td>\n","      <td>0.016524</td>\n","      <td>0.015576</td>\n","      <td>0.012065</td>\n","      <td>0.011679</td>\n","      <td>0.019441</td>\n","      <td>0.017949</td>\n","    </tr>\n","    <tr>\n","      <th>F34.SI</th>\n","      <td>0.013687</td>\n","      <td>0.014431</td>\n","      <td>0.013493</td>\n","      <td>0.011895</td>\n","      <td>0.011935</td>\n","      <td>0.014450</td>\n","      <td>0.066567</td>\n","      <td>0.011692</td>\n","      <td>0.011637</td>\n","      <td>0.017294</td>\n","      <td>0.016291</td>\n","      <td>0.013528</td>\n","      <td>0.014758</td>\n","      <td>0.011017</td>\n","      <td>0.008439</td>\n","      <td>0.017022</td>\n","    </tr>\n","    <tr>\n","      <th>A17U.SI</th>\n","      <td>0.010702</td>\n","      <td>0.010913</td>\n","      <td>0.010518</td>\n","      <td>0.020678</td>\n","      <td>0.011151</td>\n","      <td>0.012250</td>\n","      <td>0.011692</td>\n","      <td>0.055577</td>\n","      <td>0.011089</td>\n","      <td>0.010945</td>\n","      <td>0.013029</td>\n","      <td>0.011813</td>\n","      <td>0.009355</td>\n","      <td>0.009709</td>\n","      <td>0.013070</td>\n","      <td>0.016500</td>\n","    </tr>\n","    <tr>\n","      <th>Z74.SI</th>\n","      <td>0.013451</td>\n","      <td>0.012652</td>\n","      <td>0.012718</td>\n","      <td>0.011309</td>\n","      <td>0.012787</td>\n","      <td>0.012184</td>\n","      <td>0.011637</td>\n","      <td>0.011089</td>\n","      <td>0.051120</td>\n","      <td>0.013626</td>\n","      <td>0.013826</td>\n","      <td>0.012351</td>\n","      <td>0.009373</td>\n","      <td>0.010324</td>\n","      <td>0.010774</td>\n","      <td>0.014310</td>\n","    </tr>\n","    <tr>\n","      <th>BN4.SI</th>\n","      <td>0.018216</td>\n","      <td>0.018222</td>\n","      <td>0.018178</td>\n","      <td>0.011311</td>\n","      <td>0.013162</td>\n","      <td>0.014926</td>\n","      <td>0.017294</td>\n","      <td>0.010945</td>\n","      <td>0.013626</td>\n","      <td>0.068830</td>\n","      <td>0.019579</td>\n","      <td>0.014852</td>\n","      <td>0.019730</td>\n","      <td>0.012788</td>\n","      <td>0.017730</td>\n","      <td>0.021326</td>\n","    </tr>\n","    <tr>\n","      <th>G13.SI</th>\n","      <td>0.019292</td>\n","      <td>0.018187</td>\n","      <td>0.017848</td>\n","      <td>0.014519</td>\n","      <td>0.017938</td>\n","      <td>0.016524</td>\n","      <td>0.016291</td>\n","      <td>0.013029</td>\n","      <td>0.013826</td>\n","      <td>0.019579</td>\n","      <td>0.085919</td>\n","      <td>0.017283</td>\n","      <td>0.019887</td>\n","      <td>0.012755</td>\n","      <td>0.018810</td>\n","      <td>0.023415</td>\n","    </tr>\n","    <tr>\n","      <th>C52.SI</th>\n","      <td>0.015432</td>\n","      <td>0.014399</td>\n","      <td>0.015266</td>\n","      <td>0.013329</td>\n","      <td>0.016279</td>\n","      <td>0.015576</td>\n","      <td>0.013528</td>\n","      <td>0.011813</td>\n","      <td>0.012351</td>\n","      <td>0.014852</td>\n","      <td>0.017283</td>\n","      <td>0.070846</td>\n","      <td>0.015594</td>\n","      <td>0.009285</td>\n","      <td>0.014019</td>\n","      <td>0.019399</td>\n","    </tr>\n","    <tr>\n","      <th>BS6.SI</th>\n","      <td>0.014973</td>\n","      <td>0.013095</td>\n","      <td>0.014964</td>\n","      <td>0.008269</td>\n","      <td>0.013556</td>\n","      <td>0.012065</td>\n","      <td>0.014758</td>\n","      <td>0.009355</td>\n","      <td>0.009373</td>\n","      <td>0.019730</td>\n","      <td>0.019887</td>\n","      <td>0.015594</td>\n","      <td>0.134126</td>\n","      <td>0.010433</td>\n","      <td>0.003633</td>\n","      <td>0.018039</td>\n","    </tr>\n","    <tr>\n","      <th>S68.SI</th>\n","      <td>0.011304</td>\n","      <td>0.011563</td>\n","      <td>0.011535</td>\n","      <td>0.007922</td>\n","      <td>0.009941</td>\n","      <td>0.011679</td>\n","      <td>0.011017</td>\n","      <td>0.009709</td>\n","      <td>0.010324</td>\n","      <td>0.012788</td>\n","      <td>0.012755</td>\n","      <td>0.009285</td>\n","      <td>0.010433</td>\n","      <td>0.052351</td>\n","      <td>0.007923</td>\n","      <td>0.012588</td>\n","    </tr>\n","    <tr>\n","      <th>Y92.SI</th>\n","      <td>0.016931</td>\n","      <td>0.009270</td>\n","      <td>0.011100</td>\n","      <td>0.016389</td>\n","      <td>0.012892</td>\n","      <td>0.019441</td>\n","      <td>0.008439</td>\n","      <td>0.013070</td>\n","      <td>0.010774</td>\n","      <td>0.017730</td>\n","      <td>0.018810</td>\n","      <td>0.014019</td>\n","      <td>0.003633</td>\n","      <td>0.007923</td>\n","      <td>0.894510</td>\n","      <td>0.014255</td>\n","    </tr>\n","    <tr>\n","      <th>C09.SI</th>\n","      <td>0.019441</td>\n","      <td>0.019208</td>\n","      <td>0.019316</td>\n","      <td>0.018240</td>\n","      <td>0.019122</td>\n","      <td>0.017949</td>\n","      <td>0.017022</td>\n","      <td>0.016500</td>\n","      <td>0.014310</td>\n","      <td>0.021326</td>\n","      <td>0.023415</td>\n","      <td>0.019399</td>\n","      <td>0.018039</td>\n","      <td>0.012588</td>\n","      <td>0.014255</td>\n","      <td>0.073898</td>\n","    </tr>\n","  </tbody>\n","</table>\n","</div>\n","    <div class=\"colab-df-buttons\">\n","\n","  <div class=\"colab-df-container\">\n","    <button class=\"colab-df-convert\" onclick=\"convertToInteractive('df-f14d05e6-5eee-4c1d-bf66-3cea22e6e6a7')\"\n","            title=\"Convert this dataframe to an interactive table.\"\n","            style=\"display:none;\">\n","\n","  <svg xmlns=\"http://www.w3.org/2000/svg\" height=\"24px\" viewBox=\"0 -960 960 960\">\n","    <path d=\"M120-120v-720h720v720H120Zm60-500h600v-160H180v160Zm220 220h160v-160H400v160Zm0 220h160v-160H400v160ZM180-400h160v-160H180v160Zm440 0h160v-160H620v160ZM180-180h160v-160H180v160Zm440 0h160v-160H620v160Z\"/>\n","  </svg>\n","    </button>\n","\n","  <style>\n","    .colab-df-container {\n","      display:flex;\n","      gap: 12px;\n","    }\n","\n","    .colab-df-convert {\n","      background-color: #E8F0FE;\n","      border: none;\n","      border-radius: 50%;\n","      cursor: pointer;\n","      display: none;\n","      fill: #1967D2;\n","      height: 32px;\n","      padding: 0 0 0 0;\n","      width: 32px;\n","    }\n","\n","    .colab-df-convert:hover {\n","      background-color: #E2EBFA;\n","      box-shadow: 0px 1px 2px rgba(60, 64, 67, 0.3), 0px 1px 3px 1px rgba(60, 64, 67, 0.15);\n","      fill: #174EA6;\n","    }\n","\n","    .colab-df-buttons div {\n","      margin-bottom: 4px;\n","    }\n","\n","    [theme=dark] .colab-df-convert {\n","      background-color: #3B4455;\n","      fill: #D2E3FC;\n","    }\n","\n","    [theme=dark] .colab-df-convert:hover {\n","      background-color: #434B5C;\n","      box-shadow: 0px 1px 3px 1px rgba(0, 0, 0, 0.15);\n","      filter: drop-shadow(0px 1px 2px rgba(0, 0, 0, 0.3));\n","      fill: #FFFFFF;\n","    }\n","  </style>\n","\n","    <script>\n","      const buttonEl =\n","        document.querySelector('#df-f14d05e6-5eee-4c1d-bf66-3cea22e6e6a7 button.colab-df-convert');\n","      buttonEl.style.display =\n","        google.colab.kernel.accessAllowed ? 'block' : 'none';\n","\n","      async function convertToInteractive(key) {\n","        const element = document.querySelector('#df-f14d05e6-5eee-4c1d-bf66-3cea22e6e6a7');\n","        const dataTable =\n","          await google.colab.kernel.invokeFunction('convertToInteractive',\n","                                                    [key], {});\n","        if (!dataTable) return;\n","\n","        const docLinkHtml = 'Like what you see? Visit the ' +\n","          '<a target=\"_blank\" href=https://colab.research.google.com/notebooks/data_table.ipynb>data table notebook</a>'\n","          + ' to learn more about interactive tables.';\n","        element.innerHTML = '';\n","        dataTable['output_type'] = 'display_data';\n","        await google.colab.output.renderOutput(dataTable, element);\n","        const docLink = document.createElement('div');\n","        docLink.innerHTML = docLinkHtml;\n","        element.appendChild(docLink);\n","      }\n","    </script>\n","  </div>\n","\n","\n","<div id=\"df-6da9ea9d-7a0d-4953-bbc8-cbbc8d9a7d28\">\n","  <button class=\"colab-df-quickchart\" onclick=\"quickchart('df-6da9ea9d-7a0d-4953-bbc8-cbbc8d9a7d28')\"\n","            title=\"Suggest charts\"\n","            style=\"display:none;\">\n","\n","<svg xmlns=\"http://www.w3.org/2000/svg\" height=\"24px\"viewBox=\"0 0 24 24\"\n","     width=\"24px\">\n","    <g>\n","        <path d=\"M19 3H5c-1.1 0-2 .9-2 2v14c0 1.1.9 2 2 2h14c1.1 0 2-.9 2-2V5c0-1.1-.9-2-2-2zM9 17H7v-7h2v7zm4 0h-2V7h2v10zm4 0h-2v-4h2v4z\"/>\n","    </g>\n","</svg>\n","  </button>\n","\n","<style>\n","  .colab-df-quickchart {\n","      --bg-color: #E8F0FE;\n","      --fill-color: #1967D2;\n","      --hover-bg-color: #E2EBFA;\n","      --hover-fill-color: #174EA6;\n","      --disabled-fill-color: #AAA;\n","      --disabled-bg-color: #DDD;\n","  }\n","\n","  [theme=dark] .colab-df-quickchart {\n","      --bg-color: #3B4455;\n","      --fill-color: #D2E3FC;\n","      --hover-bg-color: #434B5C;\n","      --hover-fill-color: #FFFFFF;\n","      --disabled-bg-color: #3B4455;\n","      --disabled-fill-color: #666;\n","  }\n","\n","  .colab-df-quickchart {\n","    background-color: var(--bg-color);\n","    border: none;\n","    border-radius: 50%;\n","    cursor: pointer;\n","    display: none;\n","    fill: var(--fill-color);\n","    height: 32px;\n","    padding: 0;\n","    width: 32px;\n","  }\n","\n","  .colab-df-quickchart:hover {\n","    background-color: var(--hover-bg-color);\n","    box-shadow: 0 1px 2px rgba(60, 64, 67, 0.3), 0 1px 3px 1px rgba(60, 64, 67, 0.15);\n","    fill: var(--button-hover-fill-color);\n","  }\n","\n","  .colab-df-quickchart-complete:disabled,\n","  .colab-df-quickchart-complete:disabled:hover {\n","    background-color: var(--disabled-bg-color);\n","    fill: var(--disabled-fill-color);\n","    box-shadow: none;\n","  }\n","\n","  .colab-df-